               -277.2814637389
         -0.000000544      -0.000000027      -0.000000024
         -0.000000027      -0.000000610       0.000000026
         -0.000000024       0.000000026      -0.000000544
           5
  1    38      -0.000043322       0.000052711       0.000042908  Sr
  2    22       0.000361677      -0.000330938      -0.000362648  Ti
  3     8       0.000029806      -0.000005856      -0.000002908  O
  3     8       0.000003008      -0.000033234      -0.000002914  O
  3     8       0.000003011      -0.000005854      -0.000029794  O
