   726
     1   -0.349266   -0.349268    0.038807       0.001503
     2   -0.271651   -0.349268    0.038807       0.001503
     3   -0.194037   -0.349268    0.038808       0.001503
     4   -0.116422   -0.349268    0.038808       0.001503
     5   -0.038808   -0.349268    0.038808       0.001503
     6    0.038807   -0.349268    0.038808       0.001503
     7    0.116421   -0.349267    0.038808       0.001503
     8    0.194036   -0.349267    0.038808       0.001503
     9    0.271650   -0.349267    0.038808       0.001503
    10    0.349265   -0.349267    0.038808       0.001503
    11    0.426880   -0.349267    0.038808       0.001503
    12   -0.349266   -0.271653    0.038807       0.001503
    13   -0.271651   -0.271653    0.038807       0.001503
    14   -0.194037   -0.271653    0.038807       0.001503
    15   -0.116422   -0.271653    0.038807       0.001503
    16   -0.038808   -0.271653    0.038808       0.001503
    17    0.038807   -0.271653    0.038808       0.001503
    18    0.116421   -0.271652    0.038808       0.001503
    19    0.194036   -0.271652    0.038808       0.001503
    20    0.271651   -0.271652    0.038808       0.001503
    21    0.349265   -0.271652    0.038808       0.001503
    22    0.426880   -0.271652    0.038808       0.001503
    23   -0.349266   -0.194038    0.038807       0.001503
    24   -0.271651   -0.194038    0.038807       0.001503
    25   -0.194037   -0.194038    0.038807       0.001503
    26   -0.116422   -0.194038    0.038807       0.001503
    27   -0.038807   -0.194038    0.038807       0.001503
    28    0.038807   -0.194038    0.038808       0.001503
    29    0.116422   -0.194037    0.038808       0.001503
    30    0.194036   -0.194037    0.038808       0.001503
    31    0.271651   -0.194037    0.038808       0.001503
    32    0.349265   -0.194037    0.038808       0.001503
    33    0.426880   -0.194037    0.038808       0.001503
    34   -0.349266   -0.116423    0.038807       0.001503
    35   -0.271651   -0.116423    0.038807       0.001503
    36   -0.194036   -0.116423    0.038807       0.001503
    37   -0.116422   -0.116423    0.038807       0.001503
    38   -0.038807   -0.116423    0.038807       0.001503
    39    0.038807   -0.116423    0.038807       0.001503
    40    0.116422   -0.116422    0.038808       0.001503
    41    0.194036   -0.116422    0.038808       0.001503
    42    0.271651   -0.116422    0.038808       0.001503
    43    0.349265   -0.116422    0.038808       0.001503
    44    0.426880   -0.116422    0.038808       0.001503
    45   -0.349265   -0.038808    0.038807       0.001503
    46   -0.271651   -0.038808    0.038807       0.001503
    47   -0.194036   -0.038808    0.038807       0.001503
    48   -0.116422   -0.038808    0.038807       0.001503
    49   -0.038807   -0.038808    0.038807       0.001503
    50    0.038807   -0.038808    0.038807       0.001503
    51    0.116422   -0.038807    0.038807       0.001503
    52    0.194036   -0.038807    0.038807       0.001503
    53    0.271651   -0.038807    0.038808       0.001503
    54    0.349265   -0.038807    0.038808       0.001503
    55    0.426880   -0.038807    0.038808       0.001503
    56   -0.349265    0.038807    0.038807       0.001503
    57   -0.271651    0.038807    0.038807       0.001503
    58   -0.194036    0.038807    0.038807       0.001503
    59   -0.116422    0.038807    0.038807       0.001503
    60   -0.038807    0.038807    0.038807       0.001503
    61    0.038807    0.038808    0.038807       0.001503
    62    0.116422    0.038808    0.038807       0.001503
    63    0.194036    0.038808    0.038807       0.001503
    64    0.271651    0.038808    0.038807       0.001503
    65    0.349265    0.038808    0.038808       0.001503
    66    0.426880    0.038808    0.038808       0.001503
    67   -0.349265    0.116422    0.038807       0.001503
    68   -0.271651    0.116422    0.038807       0.001503
    69   -0.194036    0.116422    0.038807       0.001503
    70   -0.116422    0.116422    0.038807       0.001503
    71   -0.038807    0.116422    0.038807       0.001503
    72    0.038807    0.116423    0.038807       0.001503
    73    0.116422    0.116423    0.038807       0.001503
    74    0.194037    0.116423    0.038807       0.001503
    75    0.271651    0.116423    0.038807       0.001503
    76    0.349266    0.116423    0.038807       0.001503
    77    0.426880    0.116423    0.038807       0.001503
    78   -0.349265    0.194037    0.038807       0.001503
    79   -0.271651    0.194037    0.038807       0.001503
    80   -0.194036    0.194037    0.038807       0.001503
    81   -0.116422    0.194037    0.038807       0.001503
    82   -0.038807    0.194037    0.038807       0.001503
    83    0.038808    0.194038    0.038807       0.001503
    84    0.116422    0.194038    0.038807       0.001503
    85    0.194037    0.194038    0.038807       0.001503
    86    0.271651    0.194038    0.038807       0.001503
    87    0.349266    0.194038    0.038807       0.001503
    88    0.426880    0.194038    0.038807       0.001503
    89   -0.349265    0.271652    0.038807       0.001503
    90   -0.271650    0.271652    0.038807       0.001503
    91   -0.194036    0.271652    0.038807       0.001503
    92   -0.116421    0.271652    0.038807       0.001503
    93   -0.038807    0.271652    0.038807       0.001503
    94    0.038808    0.271653    0.038807       0.001503
    95    0.116422    0.271653    0.038807       0.001503
    96    0.194037    0.271653    0.038807       0.001503
    97    0.271651    0.271653    0.038807       0.001503
    98    0.349266    0.271653    0.038807       0.001503
    99    0.426880    0.271653    0.038807       0.001503
   100   -0.349265    0.349267    0.038807       0.001503
   101   -0.271650    0.349267    0.038807       0.001503
   102   -0.194036    0.349267    0.038807       0.001503
   103   -0.116421    0.349267    0.038807       0.001503
   104   -0.038807    0.349267    0.038807       0.001503
   105    0.038808    0.349268    0.038807       0.001503
   106    0.116422    0.349268    0.038807       0.001503
   107    0.194037    0.349268    0.038807       0.001503
   108    0.271651    0.349268    0.038807       0.001503
   109    0.349266    0.349268    0.038807       0.001503
   110    0.426880    0.349268    0.038807       0.001503
   111   -0.349265    0.426882    0.038806       0.001503
   112   -0.271650    0.426882    0.038807       0.001503
   113   -0.194036    0.426882    0.038807       0.001503
   114   -0.116421    0.426882    0.038807       0.001503
   115   -0.038807    0.426882    0.038807       0.001503
   116    0.038808    0.426883    0.038807       0.001503
   117    0.116422    0.426883    0.038807       0.001503
   118    0.194037    0.426883    0.038807       0.001503
   119    0.271651    0.426883    0.038807       0.001503
   120    0.349266    0.426883    0.038807       0.001503
   121    0.426881    0.426883    0.038807       0.001503
   122   -0.349266   -0.349268    0.116422       0.001503
   123   -0.271651   -0.349268    0.116422       0.001503
   124   -0.194037   -0.349268    0.116422       0.001503
   125   -0.116422   -0.349268    0.116422       0.001503
   126   -0.038808   -0.349268    0.116422       0.001503
   127    0.038807   -0.349268    0.116422       0.001503
   128    0.116421   -0.349268    0.116422       0.001503
   129    0.194036   -0.349267    0.116422       0.001503
   130    0.271651   -0.349267    0.116422       0.001503
   131    0.349265   -0.349267    0.116423       0.001503
   132    0.426880   -0.349267    0.116423       0.001503
   133   -0.349266   -0.271653    0.116422       0.001503
   134   -0.271651   -0.271653    0.116422       0.001503
   135   -0.194037   -0.271653    0.116422       0.001503
   136   -0.116422   -0.271653    0.116422       0.001503
   137   -0.038808   -0.271653    0.116422       0.001503
   138    0.038807   -0.271653    0.116422       0.001503
   139    0.116422   -0.271653    0.116422       0.001503
   140    0.194036   -0.271652    0.116422       0.001503
   141    0.271651   -0.271652    0.116422       0.001503
   142    0.349265   -0.271652    0.116422       0.001503
   143    0.426880   -0.271652    0.116423       0.001503
   144   -0.349266   -0.194038    0.116422       0.001503
   145   -0.271651   -0.194038    0.116422       0.001503
   146   -0.194036   -0.194038    0.116422       0.001503
   147   -0.116422   -0.194038    0.116422       0.001503
   148   -0.038807   -0.194038    0.116422       0.001503
   149    0.038807   -0.194038    0.116422       0.001503
   150    0.116422   -0.194038    0.116422       0.001503
   151    0.194036   -0.194037    0.116422       0.001503
   152    0.271651   -0.194037    0.116422       0.001503
   153    0.349265   -0.194037    0.116422       0.001503
   154    0.426880   -0.194037    0.116422       0.001503
   155   -0.349265   -0.116423    0.116422       0.001503
   156   -0.271651   -0.116423    0.116422       0.001503
   157   -0.194036   -0.116423    0.116422       0.001503
   158   -0.116422   -0.116423    0.116422       0.001503
   159   -0.038807   -0.116423    0.116422       0.001503
   160    0.038807   -0.116423    0.116422       0.001503
   161    0.116422   -0.116423    0.116422       0.001503
   162    0.194036   -0.116422    0.116422       0.001503
   163    0.271651   -0.116422    0.116422       0.001503
   164    0.349265   -0.116422    0.116422       0.001503
   165    0.426880   -0.116422    0.116422       0.001503
   166   -0.349265   -0.038808    0.116422       0.001503
   167   -0.271651   -0.038808    0.116422       0.001503
   168   -0.194036   -0.038808    0.116422       0.001503
   169   -0.116422   -0.038808    0.116422       0.001503
   170   -0.038807   -0.038808    0.116422       0.001503
   171    0.038807   -0.038808    0.116422       0.001503
   172    0.116422   -0.038808    0.116422       0.001503
   173    0.194036   -0.038807    0.116422       0.001503
   174    0.271651   -0.038807    0.116422       0.001503
   175    0.349265   -0.038807    0.116422       0.001503
   176    0.426880   -0.038807    0.116422       0.001503
   177   -0.349265    0.038807    0.116421       0.001503
   178   -0.271651    0.038807    0.116422       0.001503
   179   -0.194036    0.038807    0.116422       0.001503
   180   -0.116422    0.038807    0.116422       0.001503
   181   -0.038807    0.038807    0.116422       0.001503
   182    0.038807    0.038807    0.116422       0.001503
   183    0.116422    0.038808    0.116422       0.001503
   184    0.194036    0.038808    0.116422       0.001503
   185    0.271651    0.038808    0.116422       0.001503
   186    0.349266    0.038808    0.116422       0.001503
   187    0.426880    0.038808    0.116422       0.001503
   188   -0.349265    0.116422    0.116421       0.001503
   189   -0.271651    0.116422    0.116421       0.001503
   190   -0.194036    0.116422    0.116421       0.001503
   191   -0.116422    0.116422    0.116422       0.001503
   192   -0.038807    0.116422    0.116422       0.001503
   193    0.038808    0.116422    0.116422       0.001503
   194    0.116422    0.116423    0.116422       0.001503
   195    0.194037    0.116423    0.116422       0.001503
   196    0.271651    0.116423    0.116422       0.001503
   197    0.349266    0.116423    0.116422       0.001503
   198    0.426880    0.116423    0.116422       0.001503
   199   -0.349265    0.194037    0.116421       0.001503
   200   -0.271651    0.194037    0.116421       0.001503
   201   -0.194036    0.194037    0.116421       0.001503
   202   -0.116421    0.194037    0.116421       0.001503
   203   -0.038807    0.194037    0.116422       0.001503
   204    0.038808    0.194037    0.116422       0.001503
   205    0.116422    0.194038    0.116422       0.001503
   206    0.194037    0.194038    0.116422       0.001503
   207    0.271651    0.194038    0.116422       0.001503
   208    0.349266    0.194038    0.116422       0.001503
   209    0.426880    0.194038    0.116422       0.001503
   210   -0.349265    0.271652    0.116421       0.001503
   211   -0.271650    0.271652    0.116421       0.001503
   212   -0.194036    0.271652    0.116421       0.001503
   213   -0.116421    0.271652    0.116421       0.001503
   214   -0.038807    0.271652    0.116421       0.001503
   215    0.038808    0.271652    0.116422       0.001503
   216    0.116422    0.271653    0.116422       0.001503
   217    0.194037    0.271653    0.116422       0.001503
   218    0.271651    0.271653    0.116422       0.001503
   219    0.349266    0.271653    0.116422       0.001503
   220    0.426880    0.271653    0.116422       0.001503
   221   -0.349265    0.349267    0.116421       0.001503
   222   -0.271650    0.349267    0.116421       0.001503
   223   -0.194036    0.349267    0.116421       0.001503
   224   -0.116421    0.349267    0.116421       0.001503
   225   -0.038807    0.349267    0.116421       0.001503
   226    0.038808    0.349267    0.116421       0.001503
   227    0.116422    0.349268    0.116421       0.001503
   228    0.194037    0.349268    0.116422       0.001503
   229    0.271651    0.349268    0.116422       0.001503
   230    0.349266    0.349268    0.116422       0.001503
   231    0.426880    0.349268    0.116422       0.001503
   232   -0.349265    0.426882    0.116421       0.001503
   233   -0.271650    0.426882    0.116421       0.001503
   234   -0.194036    0.426882    0.116421       0.001503
   235   -0.116421    0.426882    0.116421       0.001503
   236   -0.038807    0.426882    0.116421       0.001503
   237    0.038808    0.426882    0.116421       0.001503
   238    0.116422    0.426883    0.116421       0.001503
   239    0.194037    0.426883    0.116421       0.001503
   240    0.271652    0.426883    0.116422       0.001503
   241    0.349266    0.426883    0.116422       0.001503
   242    0.426881    0.426883    0.116422       0.001503
   243   -0.349266   -0.349268    0.194036       0.001503
   244   -0.271651   -0.349268    0.194037       0.001503
   245   -0.194037   -0.349268    0.194037       0.001503
   246   -0.116422   -0.349268    0.194037       0.001503
   247   -0.038808   -0.349268    0.194037       0.001503
   248    0.038807   -0.349268    0.194037       0.001503
   249    0.116422   -0.349268    0.194037       0.001503
   250    0.194036   -0.349268    0.194037       0.001503
   251    0.271651   -0.349267    0.194037       0.001503
   252    0.349265   -0.349267    0.194037       0.001503
   253    0.426880   -0.349267    0.194037       0.001503
   254   -0.349266   -0.271653    0.194036       0.001503
   255   -0.271651   -0.271653    0.194036       0.001503
   256   -0.194037   -0.271653    0.194036       0.001503
   257   -0.116422   -0.271653    0.194037       0.001503
   258   -0.038807   -0.271653    0.194037       0.001503
   259    0.038807   -0.271653    0.194037       0.001503
   260    0.116422   -0.271653    0.194037       0.001503
   261    0.194036   -0.271653    0.194037       0.001503
   262    0.271651   -0.271652    0.194037       0.001503
   263    0.349265   -0.271652    0.194037       0.001503
   264    0.426880   -0.271652    0.194037       0.001503
   265   -0.349265   -0.194038    0.194036       0.001503
   266   -0.271651   -0.194038    0.194036       0.001503
   267   -0.194036   -0.194038    0.194036       0.001503
   268   -0.116422   -0.194038    0.194036       0.001503
   269   -0.038807   -0.194038    0.194037       0.001503
   270    0.038807   -0.194038    0.194037       0.001503
   271    0.116422   -0.194038    0.194037       0.001503
   272    0.194036   -0.194038    0.194037       0.001503
   273    0.271651   -0.194037    0.194037       0.001503
   274    0.349265   -0.194037    0.194037       0.001503
   275    0.426880   -0.194037    0.194037       0.001503
   276   -0.349265   -0.116423    0.194036       0.001503
   277   -0.271651   -0.116423    0.194036       0.001503
   278   -0.194036   -0.116423    0.194036       0.001503
   279   -0.116422   -0.116423    0.194036       0.001503
   280   -0.038807   -0.116423    0.194036       0.001503
   281    0.038807   -0.116423    0.194037       0.001503
   282    0.116422   -0.116423    0.194037       0.001503
   283    0.194036   -0.116423    0.194037       0.001503
   284    0.271651   -0.116422    0.194037       0.001503
   285    0.349265   -0.116422    0.194037       0.001503
   286    0.426880   -0.116422    0.194037       0.001503
   287   -0.349265   -0.038808    0.194036       0.001503
   288   -0.271651   -0.038808    0.194036       0.001503
   289   -0.194036   -0.038808    0.194036       0.001503
   290   -0.116422   -0.038808    0.194036       0.001503
   291   -0.038807   -0.038808    0.194036       0.001503
   292    0.038807   -0.038808    0.194036       0.001503
   293    0.116422   -0.038808    0.194036       0.001503
   294    0.194036   -0.038807    0.194037       0.001503
   295    0.271651   -0.038807    0.194037       0.001503
   296    0.349266   -0.038807    0.194037       0.001503
   297    0.426880   -0.038807    0.194037       0.001503
   298   -0.349265    0.038807    0.194036       0.001503
   299   -0.271651    0.038807    0.194036       0.001503
   300   -0.194036    0.038807    0.194036       0.001503
   301   -0.116422    0.038807    0.194036       0.001503
   302   -0.038807    0.038807    0.194036       0.001503
   303    0.038807    0.038807    0.194036       0.001503
   304    0.116422    0.038807    0.194036       0.001503
   305    0.194037    0.038808    0.194036       0.001503
   306    0.271651    0.038808    0.194037       0.001503
   307    0.349266    0.038808    0.194037       0.001503
   308    0.426880    0.038808    0.194037       0.001503
   309   -0.349265    0.116422    0.194036       0.001503
   310   -0.271651    0.116422    0.194036       0.001503
   311   -0.194036    0.116422    0.194036       0.001503
   312   -0.116421    0.116422    0.194036       0.001503
   313   -0.038807    0.116422    0.194036       0.001503
   314    0.038808    0.116422    0.194036       0.001503
   315    0.116422    0.116422    0.194036       0.001503
   316    0.194037    0.116423    0.194036       0.001503
   317    0.271651    0.116423    0.194036       0.001503
   318    0.349266    0.116423    0.194036       0.001503
   319    0.426880    0.116423    0.194037       0.001503
   320   -0.349265    0.194037    0.194036       0.001503
   321   -0.271650    0.194037    0.194036       0.001503
   322   -0.194036    0.194037    0.194036       0.001503
   323   -0.116421    0.194037    0.194036       0.001503
   324   -0.038807    0.194037    0.194036       0.001503
   325    0.038808    0.194037    0.194036       0.001503
   326    0.116422    0.194037    0.194036       0.001503
   327    0.194037    0.194038    0.194036       0.001503
   328    0.271651    0.194038    0.194036       0.001503
   329    0.349266    0.194038    0.194036       0.001503
   330    0.426880    0.194038    0.194036       0.001503
   331   -0.349265    0.271652    0.194036       0.001503
   332   -0.271650    0.271652    0.194036       0.001503
   333   -0.194036    0.271652    0.194036       0.001503
   334   -0.116421    0.271652    0.194036       0.001503
   335   -0.038807    0.271652    0.194036       0.001503
   336    0.038808    0.271652    0.194036       0.001503
   337    0.116422    0.271652    0.194036       0.001503
   338    0.194037    0.271653    0.194036       0.001503
   339    0.271651    0.271653    0.194036       0.001503
   340    0.349266    0.271653    0.194036       0.001503
   341    0.426880    0.271653    0.194036       0.001503
   342   -0.349265    0.349267    0.194036       0.001503
   343   -0.271650    0.349267    0.194036       0.001503
   344   -0.194036    0.349267    0.194036       0.001503
   345   -0.116421    0.349267    0.194036       0.001503
   346   -0.038807    0.349267    0.194036       0.001503
   347    0.038808    0.349267    0.194036       0.001503
   348    0.116422    0.349267    0.194036       0.001503
   349    0.194037    0.349268    0.194036       0.001503
   350    0.271651    0.349268    0.194036       0.001503
   351    0.349266    0.349268    0.194036       0.001503
   352    0.426881    0.349268    0.194036       0.001503
   353   -0.349265    0.426882    0.194036       0.001503
   354   -0.271650    0.426882    0.194036       0.001503
   355   -0.194036    0.426882    0.194036       0.001503
   356   -0.116421    0.426882    0.194036       0.001503
   357   -0.038807    0.426882    0.194036       0.001503
   358    0.038808    0.426882    0.194036       0.001503
   359    0.116423    0.426882    0.194036       0.001503
   360    0.194037    0.426883    0.194036       0.001503
   361    0.271652    0.426883    0.194036       0.001503
   362    0.349266    0.426883    0.194036       0.001503
   363    0.426881    0.426883    0.194036       0.001503
   364   -0.349266   -0.349268    0.271651       0.001503
   365   -0.271651   -0.349268    0.271651       0.001503
   366   -0.194037   -0.349268    0.271651       0.001503
   367   -0.116422   -0.349268    0.271651       0.001503
   368   -0.038807   -0.349268    0.271651       0.001503
   369    0.038807   -0.349268    0.271651       0.001503
   370    0.116422   -0.349268    0.271651       0.001503
   371    0.194036   -0.349268    0.271651       0.001503
   372    0.271651   -0.349268    0.271652       0.001503
   373    0.349265   -0.349267    0.271652       0.001503
   374    0.426880   -0.349267    0.271652       0.001503
   375   -0.349266   -0.271653    0.271651       0.001503
   376   -0.271651   -0.271653    0.271651       0.001503
   377   -0.194036   -0.271653    0.271651       0.001503
   378   -0.116422   -0.271653    0.271651       0.001503
   379   -0.038807   -0.271653    0.271651       0.001503
   380    0.038807   -0.271653    0.271651       0.001503
   381    0.116422   -0.271653    0.271651       0.001503
   382    0.194036   -0.271653    0.271651       0.001503
   383    0.271651   -0.271653    0.271651       0.001503
   384    0.349265   -0.271652    0.271652       0.001503
   385    0.426880   -0.271652    0.271652       0.001503
   386   -0.349265   -0.194038    0.271651       0.001503
   387   -0.271651   -0.194038    0.271651       0.001503
   388   -0.194036   -0.194038    0.271651       0.001503
   389   -0.116422   -0.194038    0.271651       0.001503
   390   -0.038807   -0.194038    0.271651       0.001503
   391    0.038807   -0.194038    0.271651       0.001503
   392    0.116422   -0.194038    0.271651       0.001503
   393    0.194036   -0.194038    0.271651       0.001503
   394    0.271651   -0.194038    0.271651       0.001503
   395    0.349265   -0.194037    0.271651       0.001503
   396    0.426880   -0.194037    0.271651       0.001503
   397   -0.349265   -0.116423    0.271651       0.001503
   398   -0.271651   -0.116423    0.271651       0.001503
   399   -0.194036   -0.116423    0.271651       0.001503
   400   -0.116422   -0.116423    0.271651       0.001503
   401   -0.038807   -0.116423    0.271651       0.001503
   402    0.038807   -0.116423    0.271651       0.001503
   403    0.116422   -0.116423    0.271651       0.001503
   404    0.194036   -0.116423    0.271651       0.001503
   405    0.271651   -0.116423    0.271651       0.001503
   406    0.349265   -0.116422    0.271651       0.001503
   407    0.426880   -0.116422    0.271651       0.001503
   408   -0.349265   -0.038808    0.271651       0.001503
   409   -0.271651   -0.038808    0.271651       0.001503
   410   -0.194036   -0.038808    0.271651       0.001503
   411   -0.116422   -0.038808    0.271651       0.001503
   412   -0.038807   -0.038808    0.271651       0.001503
   413    0.038807   -0.038808    0.271651       0.001503
   414    0.116422   -0.038808    0.271651       0.001503
   415    0.194037   -0.038808    0.271651       0.001503
   416    0.271651   -0.038807    0.271651       0.001503
   417    0.349266   -0.038807    0.271651       0.001503
   418    0.426880   -0.038807    0.271651       0.001503
   419   -0.349265    0.038807    0.271651       0.001503
   420   -0.271651    0.038807    0.271651       0.001503
   421   -0.194036    0.038807    0.271651       0.001503
   422   -0.116422    0.038807    0.271651       0.001503
   423   -0.038807    0.038807    0.271651       0.001503
   424    0.038808    0.038807    0.271651       0.001503
   425    0.116422    0.038807    0.271651       0.001503
   426    0.194037    0.038807    0.271651       0.001503
   427    0.271651    0.038808    0.271651       0.001503
   428    0.349266    0.038808    0.271651       0.001503
   429    0.426880    0.038808    0.271651       0.001503
   430   -0.349265    0.116422    0.271650       0.001503
   431   -0.271650    0.116422    0.271650       0.001503
   432   -0.194036    0.116422    0.271651       0.001503
   433   -0.116421    0.116422    0.271651       0.001503
   434   -0.038807    0.116422    0.271651       0.001503
   435    0.038808    0.116422    0.271651       0.001503
   436    0.116422    0.116422    0.271651       0.001503
   437    0.194037    0.116422    0.271651       0.001503
   438    0.271651    0.116423    0.271651       0.001503
   439    0.349266    0.116423    0.271651       0.001503
   440    0.426880    0.116423    0.271651       0.001503
   441   -0.349265    0.194037    0.271650       0.001503
   442   -0.271650    0.194037    0.271650       0.001503
   443   -0.194036    0.194037    0.271650       0.001503
   444   -0.116421    0.194037    0.271651       0.001503
   445   -0.038807    0.194037    0.271651       0.001503
   446    0.038808    0.194037    0.271651       0.001503
   447    0.116422    0.194037    0.271651       0.001503
   448    0.194037    0.194037    0.271651       0.001503
   449    0.271651    0.194038    0.271651       0.001503
   450    0.349266    0.194038    0.271651       0.001503
   451    0.426880    0.194038    0.271651       0.001503
   452   -0.349265    0.271652    0.271650       0.001503
   453   -0.271650    0.271652    0.271650       0.001503
   454   -0.194036    0.271652    0.271650       0.001503
   455   -0.116421    0.271652    0.271650       0.001503
   456   -0.038807    0.271652    0.271651       0.001503
   457    0.038808    0.271652    0.271651       0.001503
   458    0.116422    0.271652    0.271651       0.001503
   459    0.194037    0.271652    0.271651       0.001503
   460    0.271651    0.271653    0.271651       0.001503
   461    0.349266    0.271653    0.271651       0.001503
   462    0.426881    0.271653    0.271651       0.001503
   463   -0.349265    0.349267    0.271650       0.001503
   464   -0.271650    0.349267    0.271650       0.001503
   465   -0.194036    0.349267    0.271650       0.001503
   466   -0.116421    0.349267    0.271650       0.001503
   467   -0.038807    0.349267    0.271650       0.001503
   468    0.038808    0.349267    0.271650       0.001503
   469    0.116422    0.349267    0.271651       0.001503
   470    0.194037    0.349267    0.271651       0.001503
   471    0.271652    0.349268    0.271651       0.001503
   472    0.349266    0.349268    0.271651       0.001503
   473    0.426881    0.349268    0.271651       0.001503
   474   -0.349265    0.426882    0.271650       0.001503
   475   -0.271650    0.426882    0.271650       0.001503
   476   -0.194036    0.426882    0.271650       0.001503
   477   -0.116421    0.426882    0.271650       0.001503
   478   -0.038806    0.426882    0.271650       0.001503
   479    0.038808    0.426882    0.271650       0.001503
   480    0.116423    0.426882    0.271650       0.001503
   481    0.194037    0.426882    0.271651       0.001503
   482    0.271652    0.426883    0.271651       0.001503
   483    0.349266    0.426883    0.271651       0.001503
   484    0.426881    0.426883    0.271651       0.001503
   485   -0.349266   -0.349268    0.349266       0.001503
   486   -0.271651   -0.349268    0.349266       0.001503
   487   -0.194036   -0.349268    0.349266       0.001503
   488   -0.116422   -0.349268    0.349266       0.001503
   489   -0.038807   -0.349268    0.349266       0.001503
   490    0.038807   -0.349268    0.349266       0.001503
   491    0.116422   -0.349268    0.349266       0.001503
   492    0.194036   -0.349268    0.349266       0.001503
   493    0.271651   -0.349268    0.349266       0.001503
   494    0.349265   -0.349268    0.349266       0.001503
   495    0.426880   -0.349267    0.349266       0.001503
   496   -0.349265   -0.271653    0.349265       0.001503
   497   -0.271651   -0.271653    0.349265       0.001503
   498   -0.194036   -0.271653    0.349266       0.001503
   499   -0.116422   -0.271653    0.349266       0.001503
   500   -0.038807   -0.271653    0.349266       0.001503
   501    0.038807   -0.271653    0.349266       0.001503
   502    0.116422   -0.271653    0.349266       0.001503
   503    0.194036   -0.271653    0.349266       0.001503
   504    0.271651   -0.271653    0.349266       0.001503
   505    0.349265   -0.271653    0.349266       0.001503
   506    0.426880   -0.271652    0.349266       0.001503
   507   -0.349265   -0.194038    0.349265       0.001503
   508   -0.271651   -0.194038    0.349265       0.001503
   509   -0.194036   -0.194038    0.349265       0.001503
   510   -0.116422   -0.194038    0.349266       0.001503
   511   -0.038807   -0.194038    0.349266       0.001503
   512    0.038807   -0.194038    0.349266       0.001503
   513    0.116422   -0.194038    0.349266       0.001503
   514    0.194036   -0.194038    0.349266       0.001503
   515    0.271651   -0.194038    0.349266       0.001503
   516    0.349265   -0.194038    0.349266       0.001503
   517    0.426880   -0.194037    0.349266       0.001503
   518   -0.349265   -0.116423    0.349265       0.001503
   519   -0.271651   -0.116423    0.349265       0.001503
   520   -0.194036   -0.116423    0.349265       0.001503
   521   -0.116422   -0.116423    0.349265       0.001503
   522   -0.038807   -0.116423    0.349266       0.001503
   523    0.038807   -0.116423    0.349266       0.001503
   524    0.116422   -0.116423    0.349266       0.001503
   525    0.194036   -0.116423    0.349266       0.001503
   526    0.271651   -0.116423    0.349266       0.001503
   527    0.349266   -0.116423    0.349266       0.001503
   528    0.426880   -0.116422    0.349266       0.001503
   529   -0.349265   -0.038808    0.349265       0.001503
   530   -0.271651   -0.038808    0.349265       0.001503
   531   -0.194036   -0.038808    0.349265       0.001503
   532   -0.116422   -0.038808    0.349265       0.001503
   533   -0.038807   -0.038808    0.349265       0.001503
   534    0.038808   -0.038808    0.349265       0.001503
   535    0.116422   -0.038808    0.349266       0.001503
   536    0.194037   -0.038808    0.349266       0.001503
   537    0.271651   -0.038808    0.349266       0.001503
   538    0.349266   -0.038807    0.349266       0.001503
   539    0.426880   -0.038807    0.349266       0.001503
   540   -0.349265    0.038807    0.349265       0.001503
   541   -0.271651    0.038807    0.349265       0.001503
   542   -0.194036    0.038807    0.349265       0.001503
   543   -0.116421    0.038807    0.349265       0.001503
   544   -0.038807    0.038807    0.349265       0.001503
   545    0.038808    0.038807    0.349265       0.001503
   546    0.116422    0.038807    0.349265       0.001503
   547    0.194037    0.038807    0.349266       0.001503
   548    0.271651    0.038807    0.349266       0.001503
   549    0.349266    0.038808    0.349266       0.001503
   550    0.426880    0.038808    0.349266       0.001503
   551   -0.349265    0.116422    0.349265       0.001503
   552   -0.271650    0.116422    0.349265       0.001503
   553   -0.194036    0.116422    0.349265       0.001503
   554   -0.116421    0.116422    0.349265       0.001503
   555   -0.038807    0.116422    0.349265       0.001503
   556    0.038808    0.116422    0.349265       0.001503
   557    0.116422    0.116422    0.349265       0.001503
   558    0.194037    0.116422    0.349265       0.001503
   559    0.271651    0.116422    0.349265       0.001503
   560    0.349266    0.116423    0.349266       0.001503
   561    0.426880    0.116423    0.349266       0.001503
   562   -0.349265    0.194037    0.349265       0.001503
   563   -0.271650    0.194037    0.349265       0.001503
   564   -0.194036    0.194037    0.349265       0.001503
   565   -0.116421    0.194037    0.349265       0.001503
   566   -0.038807    0.194037    0.349265       0.001503
   567    0.038808    0.194037    0.349265       0.001503
   568    0.116422    0.194037    0.349265       0.001503
   569    0.194037    0.194037    0.349265       0.001503
   570    0.271651    0.194037    0.349265       0.001503
   571    0.349266    0.194038    0.349265       0.001503
   572    0.426880    0.194038    0.349266       0.001503
   573   -0.349265    0.271652    0.349265       0.001503
   574   -0.271650    0.271652    0.349265       0.001503
   575   -0.194036    0.271652    0.349265       0.001503
   576   -0.116421    0.271652    0.349265       0.001503
   577   -0.038807    0.271652    0.349265       0.001503
   578    0.038808    0.271652    0.349265       0.001503
   579    0.116422    0.271652    0.349265       0.001503
   580    0.194037    0.271652    0.349265       0.001503
   581    0.271652    0.271652    0.349265       0.001503
   582    0.349266    0.271653    0.349265       0.001503
   583    0.426881    0.271653    0.349265       0.001503
   584   -0.349265    0.349267    0.349265       0.001503
   585   -0.271650    0.349267    0.349265       0.001503
   586   -0.194036    0.349267    0.349265       0.001503
   587   -0.116421    0.349267    0.349265       0.001503
   588   -0.038807    0.349267    0.349265       0.001503
   589    0.038808    0.349267    0.349265       0.001503
   590    0.116423    0.349267    0.349265       0.001503
   591    0.194037    0.349267    0.349265       0.001503
   592    0.271652    0.349267    0.349265       0.001503
   593    0.349266    0.349268    0.349265       0.001503
   594    0.426881    0.349268    0.349265       0.001503
   595   -0.349265    0.426882    0.349265       0.001503
   596   -0.271650    0.426882    0.349265       0.001503
   597   -0.194035    0.426882    0.349265       0.001503
   598   -0.116421    0.426882    0.349265       0.001503
   599   -0.038806    0.426882    0.349265       0.001503
   600    0.038808    0.426882    0.349265       0.001503
   601    0.116423    0.426882    0.349265       0.001503
   602    0.194037    0.426882    0.349265       0.001503
   603    0.271652    0.426883    0.349265       0.001503
   604    0.349266    0.426883    0.349265       0.001503
   605    0.426881    0.426883    0.349265       0.001503
   606   -0.349265   -0.349269    0.426880       0.000751
   607   -0.271651   -0.349268    0.426880       0.000751
   608   -0.194036   -0.349268    0.426880       0.000751
   609   -0.116422   -0.349268    0.426880       0.000751
   610   -0.038807   -0.349268    0.426880       0.000751
   611    0.038807   -0.349268    0.426880       0.000751
   612    0.116422   -0.349268    0.426880       0.000751
   613    0.194036   -0.349268    0.426881       0.000751
   614    0.271651   -0.349268    0.426881       0.000751
   615    0.349265   -0.349268    0.426881       0.000751
   616    0.426880   -0.349268    0.426881       0.000751
   617   -0.349265   -0.271654    0.426880       0.000751
   618   -0.271651   -0.271653    0.426880       0.000751
   619   -0.194036   -0.271653    0.426880       0.000751
   620   -0.116422   -0.271653    0.426880       0.000751
   621   -0.038807   -0.271653    0.426880       0.000751
   622    0.038807   -0.271653    0.426880       0.000751
   623    0.116422   -0.271653    0.426880       0.000751
   624    0.194036   -0.271653    0.426880       0.000751
   625    0.271651   -0.271653    0.426881       0.000751
   626    0.349265   -0.271653    0.426881       0.000751
   627    0.426880   -0.271653    0.426881       0.000751
   628   -0.349265   -0.194038    0.426880       0.000751
   629   -0.271651   -0.194038    0.426880       0.000751
   630   -0.194036   -0.194038    0.426880       0.000751
   631   -0.116422   -0.194038    0.426880       0.000751
   632   -0.038807   -0.194038    0.426880       0.000751
   633    0.038807   -0.194038    0.426880       0.000751
   634    0.116422   -0.194038    0.426880       0.000751
   635    0.194036   -0.194038    0.426880       0.000751
   636    0.271651   -0.194038    0.426880       0.000751
   637    0.349266   -0.194038    0.426880       0.000751
   638    0.426880   -0.194038    0.426881       0.000751
   639   -0.349265   -0.116423    0.426880       0.000751
   640   -0.271651   -0.116423    0.426880       0.000751
   641   -0.194036   -0.116423    0.426880       0.000751
   642   -0.116422   -0.116423    0.426880       0.000751
   643   -0.038807   -0.116423    0.426880       0.000751
   644    0.038807   -0.116423    0.426880       0.000751
   645    0.116422   -0.116423    0.426880       0.000751
   646    0.194037   -0.116423    0.426880       0.000751
   647    0.271651   -0.116423    0.426880       0.000751
   648    0.349266   -0.116423    0.426880       0.000751
   649    0.426880   -0.116422    0.426880       0.000751
   650   -0.349265   -0.038808    0.426880       0.000751
   651   -0.271651   -0.038808    0.426880       0.000751
   652   -0.194036   -0.038808    0.426880       0.000751
   653   -0.116421   -0.038808    0.426880       0.000751
   654   -0.038807   -0.038808    0.426880       0.000751
   655    0.038808   -0.038808    0.426880       0.000751
   656    0.116422   -0.038808    0.426880       0.000751
   657    0.194037   -0.038808    0.426880       0.000751
   658    0.271651   -0.038808    0.426880       0.000751
   659    0.349266   -0.038808    0.426880       0.000751
   660    0.426880   -0.038807    0.426880       0.000751
   661   -0.349265    0.038807    0.426880       0.000751
   662   -0.271650    0.038807    0.426880       0.000751
   663   -0.194036    0.038807    0.426880       0.000751
   664   -0.116421    0.038807    0.426880       0.000751
   665   -0.038807    0.038807    0.426880       0.000751
   666    0.038808    0.038807    0.426880       0.000751
   667    0.116422    0.038807    0.426880       0.000751
   668    0.194037    0.038807    0.426880       0.000751
   669    0.271651    0.038807    0.426880       0.000751
   670    0.349266    0.038807    0.426880       0.000751
   671    0.426880    0.038808    0.426880       0.000751
   672   -0.349265    0.116422    0.426879       0.000751
   673   -0.271650    0.116422    0.426880       0.000751
   674   -0.194036    0.116422    0.426880       0.000751
   675   -0.116421    0.116422    0.426880       0.000751
   676   -0.038807    0.116422    0.426880       0.000751
   677    0.038808    0.116422    0.426880       0.000751
   678    0.116422    0.116422    0.426880       0.000751
   679    0.194037    0.116422    0.426880       0.000751
   680    0.271651    0.116422    0.426880       0.000751
   681    0.349266    0.116422    0.426880       0.000751
   682    0.426880    0.116423    0.426880       0.000751
   683   -0.349265    0.194037    0.426879       0.000751
   684   -0.271650    0.194037    0.426879       0.000751
   685   -0.194036    0.194037    0.426880       0.000751
   686   -0.116421    0.194037    0.426880       0.000751
   687   -0.038807    0.194037    0.426880       0.000751
   688    0.038808    0.194037    0.426880       0.000751
   689    0.116422    0.194037    0.426880       0.000751
   690    0.194037    0.194037    0.426880       0.000751
   691    0.271651    0.194037    0.426880       0.000751
   692    0.349266    0.194037    0.426880       0.000751
   693    0.426881    0.194038    0.426880       0.000751
   694   -0.349265    0.271652    0.426879       0.000751
   695   -0.271650    0.271652    0.426879       0.000751
   696   -0.194036    0.271652    0.426879       0.000751
   697   -0.116421    0.271652    0.426880       0.000751
   698   -0.038807    0.271652    0.426880       0.000751
   699    0.038808    0.271652    0.426880       0.000751
   700    0.116423    0.271652    0.426880       0.000751
   701    0.194037    0.271652    0.426880       0.000751
   702    0.271652    0.271652    0.426880       0.000751
   703    0.349266    0.271652    0.426880       0.000751
   704    0.426881    0.271653    0.426880       0.000751
   705   -0.349265    0.349267    0.426879       0.000751
   706   -0.271650    0.349267    0.426879       0.000751
   707   -0.194036    0.349267    0.426879       0.000751
   708   -0.116421    0.349267    0.426879       0.000751
   709   -0.038806    0.349267    0.426879       0.000751
   710    0.038808    0.349267    0.426880       0.000751
   711    0.116423    0.349267    0.426880       0.000751
   712    0.194037    0.349267    0.426880       0.000751
   713    0.271652    0.349267    0.426880       0.000751
   714    0.349266    0.349267    0.426880       0.000751
   715    0.426881    0.349268    0.426880       0.000751
   716   -0.349264    0.426882    0.426879       0.000751
   717   -0.271650    0.426882    0.426879       0.000751
   718   -0.194035    0.426882    0.426879       0.000751
   719   -0.116421    0.426882    0.426879       0.000751
   720   -0.038806    0.426882    0.426879       0.000751
   721    0.038808    0.426882    0.426879       0.000751
   722    0.116423    0.426882    0.426880       0.000751
   723    0.194037    0.426882    0.426880       0.000751
   724    0.271652    0.426882    0.426880       0.000751
   725    0.349266    0.426883    0.426880       0.000751
   726    0.426881    0.426883    0.426880       0.000751
